$ANSIBLE_VAULT;1.1;AES256
61346539343535383732653936653338646134636331356639383636616333326339666666383436
6239326331353935326361396266306133363537373065610a343530663733313530383563373537
37383035623835663334613831303866316135373964346638616130323335306635323939653735
3165653735396339360a393333373331633034643035386432393964383731303637313337343137
32386266373830353939396636653939353133356161643134343837333932343237653339383164
31353730393631653935383665633065363065633065376338623734326637633162353238613530
63343931313931373036616666323233646237643331663535636363323762313661343364313439
30303439646533656262643564653532393866373061353438323532346238316337353537393066
65343639646239323834383832386334313731313732393637633966383430653134346437353463
39663261666439353930646133373337313764646636636361396533353063666331393534343561
62373365346237613434663436383538393261616538316239393637333338353137663763656264
32623534346437633033643761363538633433666263636463336634356139363037356137346439
66306364303939623865633034643232623235653037303166643231633464623438313764336136
33613537393766356438333061363664386136623432303730313166346163633530366436393164
64353461663061613730336237393430633237353163396338316130333766343431656664653034
65366665326331363739346531303065383766626164333866353832383865666662393831373538
37323562336536353564313736626535623530306465353061303235653161343139333238666436
62356333656464353733393336333633633639313264613133313537396263373731376538613830
64306562383633656261326537383434663665393361646434613037373735613330656138386436
38323330393661326666613464376261343430326331373063363639643861313435656539623333
34393234626534663762636238643534303635356161336333366636623731343431626566333131
64316133356362353362366437653465623039383564656263376331393936396465646233343031
35383834333733393132313530373336623737663561383962636563393635633037316430356339
66386436313031303663636136633165323065633831396331643465653434366639643363333663
65353862633665663537313936373436313064653333326664623830316166336165
