$ANSIBLE_VAULT;1.1;AES256
62393361613937376464336338633637373439383838616231386261666436346631306231376536
3561313132336566663866613431333833383733306563380a356535653238353034373264633438
37386331303838306166313432386161623134333732376135376532343364626363643733363163
3365663430646162370a316563303038633332383264643231646639646438326264623539653662
35353137303562353439393138316464366261643861636264626463323633306630336361353033
32633431613261383564653636363464636438633636613761326634666338393732633832353139
64646334663037663539333737666663346339643262623735306562616432623263396163386362
62323763343664616165613838356332336330323363333631656637646432646636626362393034
32303864613264353630646532616636343631313231663936353931346433646631366439653430
36643336616563303661353830623261346638623834616637623139393330626666623434333332
64383861326235616166353135356665646564383131333466323034353034383030383031393166
35626638636261616362303732646534376261316362363231373134386536356538353636623632
38313066366538623436333233393036366261323563636432666533346432343862616234616366
65643666376434333930326363323231333238646665326464616564333336396562396466313766
33666135663065316362346636666435626363346238343534396131326135616366353930353866
63656461636335663336376535653634363462373336333865653531626634356332353734626364
32636431613037356338303730373166613638396436666330636265383939343630353736616161
39353435383935343363393937663330323335363835376162353939623335643834383062343139
39633937363530636330636666356530633039396363646631636233373437336162343536323333
32663663333561386135313866653031373030383762306335343631353461373865643032303633
31343765323361363466306665316235323437326233626664346636613338313939633532663566
37396130313137653834366430326539363164626665386162383866303836323662653761353864
35383035303232393864373532613536353765376563316632366337376235663763633664363635
39643933376230356532366138653536373531353965343166313532393434313538356132373533
3034
